epoch	sst-loss	sst-train-acc	sst-dev-acc	para-loss sts-loss
0	    1.370	    0.525	        0.451	    0.655	    9.570
1	    1.391	    0.513	        0.443	    0.656	    9.654
2	    1.209	    0.592	        0.488	    0.650	    9.368
3	    1.368	    0.552	        0.490	    0.649	    9.214
4	    1.622	    0.272	        0.253	    0.653	    9.252
5	    1.618	    0.272	        0.253	    0.653	    8.995
6	    1.607	    0.260	        0.262	    0.659	    9.024
7	    1.604	    0.260	        0.262	    0.659	    8.920
8	    1.617	    0.272	        0.253	    0.659	    8.831
9	    1.615	    0.272	        0.253	    0.659	    8.803

                sst-acc     sts-corr    para-acc
multiclass      0.490       0.018       0.625
multitask       0.512       0.097       0.778